PLA Started!
56
22
64
24
33
35
47
62
41
47
24
54
39
33
58
35
45
22
35
22
46
28
26
26
33
41
39
56
58
37
22
50
24
50
45
60
33
39
58
41
26
39
24
41
39
48
28
39
33
33
20
45
41
35
20
26
37
64
37
20
24
50
41
56
35
39
39
75
39
37
56
35
50
33
48
45
54
45
26
24
22
54
58
22
60
22
24
14
45
45
39
41
37
30
37
46
41
41
33
28
39
64
35
45
43
18
41
39
33
33
41
33
41
20
56
56
39
33
39
37
33
54
37
35
45
35
33
41
24
39
48
22
52
37
41
41
32
37
37
48
41
39
39
26
35
64
58
20
39
31
52
20
37
41
28
18
39
35
52
41
64
37
24
39
37
35
41
37
46
35
47
22
39
39
43
31
39
20
56
46
35
43
37
35
26
33
22
41
26
58
35
58
22
45
18
24
26
45
20
41
46
33
37
39
45
37
24
39
30
41
22
43
50
22
45
35
22
50
39
30
48
39
35
39
39
26
16
35
35
35
41
66
37
52
45
35
56
31
43
37
39
43
20
11
37
28
41
28
39
45
37
35
24
50
41
37
43
22
39
37
60
41
37
64
39
30
41
41
26
37
22
41
33
37
41
62
35
24
41
20
43
26
28
18
58
43
58
33
41
43
35
37
24
58
56
35
39
24
41
33
43
35
46
60
48
60
18
24
35
37
37
41
39
48
47
45
49
45
37
33
50
41
43
24
56
39
20
50
18
39
45
52
43
39
43
56
24
41
54
43
20
37
45
24
43
43
22
24
41
14
24
41
35
45
39
28
37
52
41
26
65
37
26
24
58
41
54
35
39
45
41
58
58
41
52
58
41
39
37
39
66
41
41
37
37
22
26
39
56
41
24
35
48
41
26
58
33
26
41
35
35
58
37
29
41
43
39
43
22
58
37
39
22
22
52
66
33
43
45
39
43
22
39
60
46
30
60
35
24
41
39
35
41
54
45
39
43
39
24
39
26
54
32
24
37
45
26
41
45
41
35
39
54
54
41
41
45
66
52
52
45
39
64
26
45
41
41
18
22
39
35
39
58
35
31
37
41
58
54
24
37
30
24
45
39
39
64
35
43
31
54
47
35
41
47
22
37
24
45
45
54
37
43
24
31
45
41
58
60
45
22
44
20
35
41
54
28
41
26
39
22
43
31
35
54
39
51
37
43
43
37
56
31
39
43
20
39
49
45
39
28
58
26
37
35
39
24
54
39
54
47
28
22
54
60
58
24
43
22
39
39
54
45
35
39
43
39
26
35
43
33
33
41
50
24
39
43
41
37
26
52
41
60
37
39
24
29
52
43
47
35
31
43
37
39
31
9
58
24
62
52
39
54
35
58
60
43
39
39
37
33
33
43
39
28
70
37
39
43
51
37
37
50
35
22
37
37
24
39
41
37
48
51
24
37
24
24
50
37
33
30
37
41
26
28
37
33
30
62
35
37
35
26
39
43
35
30
43
37
54
35
39
62
39
52
39
43
35
56
28
62
37
37
39
45
37
39
41
66
33
35
35
22
22
33
31
35
22
37
39
60
41
43
58
45
37
41
26
54
16
52
22
64
31
37
41
35
35
68
18
31
37
35
26
39
20
64
39
16
41
43
20
52
28
24
54
22
39
39
37
41
43
39
37
24
48
32
26
60
39
62
72
56
22
52
45
49
37
43
41
35
28
37
43
41
35
39
31
24
39
20
39
22
37
28
22
18
24
37
29
26
52
41
52
35
26
37
22
54
41
31
20
56
37
39
35
41
60
62
54
54
58
45
37
24
47
60
22
33
35
28
43
54
33
29
45
33
33
22
24
22
41
39
39
39
50
37
26
62
54
39
18
18
20
56
54
43
37
56
39
22
24
39
22
41
9
39
20
39
43
35
45
37
49
50
37
37
37
54
60
37
35
11
22
62
30
50
35
54
58
22
33
37
22
26
20
7
52
35
39
24
22
22
35
43
43
52
39
56
18
37
43
43
26
33
37
58
27
22
35
56
26
24
35
35
22
52
22
77
33
31
33
48
41
48
52
35
48
28
35
18
39
39
35
41
47
39
43
28
43
28
37
39
43
30
31
20
35
42
50
37
41
47
56
41
35
39
37
35
33
37
41
20
35
45
60
60
20
35
28
62
33
41
7
41
33
22
54
22
22
24
24
26
39
41
41
30
24
39
33
35
48
43
39
39
20
22
33
35
31
22
24
18
43
58
37
24
43
39
45
26
48
18
39
24
24
45
33
31
56
35
37
41
39
48
60
35
37
41
35
37
41
39
28
26
33
39
41
54
39
45
62
37
37
33
37
35
45
35
62
33
41
39
41
35
31
26
26
28
39
62
39
45
26
35
13
39
24
16
43
39
39
56
56
35
54
33
45
48
41
43
52
50
33
45
18
41
45
26
37
37
56
43
54
24
39
39
22
35
39
39
39
41
43
43
41
39
41
39
31
43
60
33
43
54
35
41
60
37
43
39
60
62
60
26
41
39
39
20
22
47
47
26
28
43
28
20
22
22
37
43
35
26
24
41
28
70
55
31
56
33
41
31
41
41
20
39
35
28
41
24
35
9
39
35
16
35
37
39
22
35
22
26
57
56
41
26
7
56
37
35
37
41
37
50
56
41
75
35
24
43
50
35
18
18
33
45
20
43
24
37
28
28
41
16
37
33
26
35
22
68
35
39
43
33
70
45
26
45
26
41
26
22
41
41
22
22
24
24
45
35
24
56
58
35
18
28
26
37
24
43
37
26
37
39
35
20
18
22
35
22
35
33
39
20
33
54
54
39
18
37
41
47
41
43
39
33
43
41
35
20
43
39
43
24
7
33
41
58
43
28
24
22
41
24
50
31
45
43
24
54
41
39
22
41
39
54
39
37
47
43
22
37
20
41
56
39
43
48
35
35
50
41
41
33
39
37
39
26
24
37
26
41
45
28
29
41
41
35
58
41
54
35
24
33
33
39
50
39
20
37
31
47
43
37
37
20
62
39
35
45
39
35
58
20
24
62
33
37
24
39
33
20
43
51
54
9
35
33
28
35
39
52
20
41
43
39
43
35
37
31
24
41
26
35
35
35
41
37
30
22
58
31
22
33
24
58
41
47
22
39
45
35
24
43
47
39
47
64
35
24
47
33
41
35
43
24
58
41
58
41
56
45
45
37
56
64
60
22
47
31
20
64
39
35
41
37
58
35
64
58
44
37
43
35
39
43
46
39
29
20
60
33
33
37
43
35
41
60
39
41
52
60
50
49
39
39
75
41
35
41
33
43
39
37
56
28
54
52
20
37
41
51
37
22
37
37
26
18
20
39
22
54
39
29
26
37
45
39
60
43
52
22
48
35
39
54
58
43
56
51
22
43
47
37
58
33
77
33
24
47
22
41
31
46
35
39
22
43
37
39
35
35
54
60
35
39
35
22
43
47
60
41
22
45
58
56
37
47
52
31
37
45
43
35
35
45
35
26
52
7
39
69
39
29
41
35
31
54
24
33
31
35
77
37
33
39
39
39
39
33
24
52
39
35
39
39
45
41
35
43
33
37
39
56
43
33
52
39
24
29
30
22
39
24
45
31
43
35
22
39
48
54
58
24
37
11
22
37
62
22
33
50
35
43
39
39
45
39
26
43
31
33
20
56
46
26
39
18
37
33
24
49
54
16
20
39
24
49
60
11
39
26
24
47
54
54
39
39
39
43
39
39
28
35
33
41
39
33
35
43
39
39
37
22
31
35
37
41
26
45
20
30
22
41
48
26
7
24
60
37
45
26
43
50
58
39
39
47
41
39
73
45
50
37
37
22
37
37
43
50
31
37
64
56
58
43
31
56
28
24
33
47
45
35
37
24
39
41
37
37
31
54
33
58
41
37
39
20
37
37
41
22
39
52
39
33
56
41
22
52
26
35
31
56
43
20
22
56
35
39
58
33
35
33
67
33
60
31
37
26
35
37
24
33
35
33
33
46
35
45
22
43
60
35
43
39
37
37
41
37
26
39
31
22
43
33
33
22
56
56
37
35
37
52
33
39
45
54
39
54
54
37
18
62
22
39
33
39
26
43
58
22
35
35
39
41
45
22
41
26
18
39
22
35
18
41
45
35
26
41
37
47
47
37
66
26
24
58
66
39
50
39
35
39
26
39
32
22
45
58
22
41
34
22
33
43
41
66
50
41
26
39
79
39
46
41
37
56
39
35
35
43
39
41
54
56
39
43
43
43
35
37
62
24
58
37
37
41
43
39
31
62
37
22
41
35
20
45
41
54
31
37
35
39
33
22
37
43
24
35
52
54
35
30
41
43
41
35
39
43
24
45
35
43
37
22
37
24
22
39
33
31
52
37
26
20
28
41
41
39
43
39
41
20
41
56
37
37
50
24
37
31
56
39
33
35
41
56
37
52
50
43
37
35
30
39
35
60
35
26
41
64
20
48
37
52
35
45
33
20
37
54
41
41
56
41
43
39
30
24
24
31
11
56
24
33
31
24
41
58
35
39
31
24
62
33
54
35
24
PLA Ended!
average updating count is:  38.361
