PLA Started!
35
37
39
56
35
37
35
18
26
43
43
39
26
56
37
24
41
39
41
43
56
39
39
20
54
41
43
22
37
39
60
39
52
47
43
28
43
22
43
37
37
58
37
41
11
41
41
35
56
24
26
35
39
11
37
20
22
35
35
33
22
41
43
33
24
33
24
37
26
43
26
22
41
35
35
24
97
41
64
43
26
37
54
35
22
28
41
43
22
56
35
33
45
28
28
43
47
9
31
28
18
56
35
35
41
56
26
54
24
45
39
41
54
35
39
35
20
22
22
45
22
39
41
43
56
54
37
50
37
45
7
24
60
22
45
26
39
50
56
43
52
39
43
37
49
41
31
47
54
33
39
47
30
73
24
62
20
26
20
64
43
39
37
39
22
22
39
58
26
39
37
60
39
26
24
31
56
60
26
37
26
43
37
47
24
35
37
39
41
13
56
39
44
39
41
60
35
24
45
39
39
39
20
13
37
54
18
43
26
43
43
43
15
41
22
60
30
43
24
37
43
41
11
60
31
62
26
35
41
35
37
24
41
37
30
26
52
56
43
49
20
45
39
24
35
41
73
20
22
35
22
43
20
54
39
22
45
52
39
39
39
35
26
37
35
39
37
37
41
43
9
41
47
60
56
49
22
37
41
37
58
39
24
35
32
37
24
33
26
60
43
43
9
58
43
33
45
18
41
66
43
58
37
22
37
33
39
18
20
52
41
20
37
41
47
26
29
39
37
22
60
37
24
35
45
37
24
39
58
58
35
33
37
26
35
39
14
56
41
41
22
37
35
39
48
22
54
50
43
39
44
26
45
58
45
24
47
30
26
18
45
31
37
31
52
22
9
22
39
41
39
20
39
20
41
35
37
49
48
41
41
30
41
58
31
26
64
52
70
35
35
37
33
26
35
39
41
9
35
41
58
45
18
26
20
58
73
58
43
22
35
35
37
41
54
20
18
39
41
28
39
66
45
28
56
37
35
47
31
22
37
41
28
35
33
35
20
39
54
33
50
22
39
33
37
56
35
33
64
39
56
33
37
43
39
35
43
39
45
58
24
37
37
33
24
22
48
20
43
9
37
18
35
41
37
35
41
39
43
22
37
56
37
39
43
54
39
29
35
39
54
41
24
33
20
41
37
39
22
39
31
49
56
35
37
24
54
43
41
29
43
54
45
54
52
24
22
43
60
28
56
45
39
35
35
41
20
43
48
24
41
58
51
37
26
47
62
33
35
37
28
20
50
39
60
43
35
37
24
37
39
39
43
39
20
43
60
20
28
26
20
26
24
41
47
58
52
41
20
35
45
20
35
37
35
18
43
39
31
50
22
37
43
41
20
56
24
33
54
26
37
28
33
20
41
35
35
45
37
51
24
39
41
54
37
28
18
26
41
43
58
33
39
39
37
41
24
27
31
35
41
37
24
37
35
37
43
31
41
26
33
20
35
33
37
41
43
22
24
20
54
52
46
60
39
35
50
37
33
22
39
31
39
35
41
37
43
26
39
24
54
56
26
22
58
43
18
41
45
20
43
39
39
45
58
28
28
48
39
37
39
52
51
49
28
35
33
20
24
41
54
39
37
37
52
47
56
56
62
37
26
56
35
26
39
28
71
22
43
45
54
37
50
43
41
43
62
43
39
20
45
39
24
39
24
28
35
26
24
41
50
45
35
20
39
26
41
58
58
48
35
41
22
49
43
37
54
37
56
45
22
37
41
43
22
18
33
39
39
26
60
41
20
37
43
20
45
35
37
26
43
37
28
24
49
20
31
31
33
41
37
35
37
50
39
68
41
60
47
43
39
39
39
35
48
37
22
43
41
39
50
30
39
60
22
20
45
39
43
35
22
43
43
24
22
20
24
16
43
39
47
41
37
45
32
41
35
66
24
33
39
35
33
28
39
33
22
37
58
39
56
41
56
31
39
60
58
24
37
35
39
45
39
26
41
49
39
35
43
60
37
29
43
43
48
24
35
37
45
43
49
34
60
22
43
20
30
45
37
41
45
54
32
52
22
28
28
11
35
39
24
54
37
37
33
41
49
50
24
54
37
39
48
26
33
39
41
37
22
33
20
69
20
41
37
24
33
33
20
52
11
39
45
37
39
37
20
56
41
66
37
60
45
31
37
31
50
18
43
35
20
18
56
43
56
41
22
58
37
47
39
54
22
33
24
20
24
37
35
26
41
24
39
58
39
39
33
35
37
31
39
18
41
41
35
41
41
41
37
41
24
39
48
37
33
39
39
43
41
20
41
52
43
39
47
22
62
33
20
22
39
54
35
37
37
62
26
35
54
39
39
39
64
26
39
39
30
48
18
58
50
56
39
37
52
49
64
30
45
39
43
37
41
39
49
29
37
54
54
22
37
41
35
35
53
45
56
47
35
22
24
27
22
37
30
28
50
45
24
37
24
33
39
31
43
64
54
37
22
24
26
43
68
43
66
22
44
41
62
24
41
24
37
41
58
37
37
35
37
45
39
41
45
7
37
16
41
37
24
37
45
39
39
43
39
37
35
26
39
24
18
26
37
41
41
22
41
33
20
52
9
26
24
33
39
39
37
41
37
24
35
22
56
43
43
37
58
37
66
26
41
26
28
39
56
24
41
41
26
35
37
54
39
54
35
43
58
41
39
24
62
54
24
31
35
43
41
60
33
11
46
24
20
13
45
50
41
39
39
62
33
22
26
26
39
48
24
49
41
43
35
9
35
37
54
43
26
26
33
66
39
35
56
31
22
33
43
60
35
41
47
54
56
26
43
41
41
22
35
41
41
41
28
24
33
39
39
41
20
43
77
45
37
41
24
68
37
37
22
27
18
35
24
37
18
39
35
35
35
41
22
39
64
56
22
37
41
28
33
35
43
43
39
64
20
50
35
41
62
60
37
35
22
9
43
54
26
39
52
28
37
66
45
37
43
41
30
39
33
37
37
43
35
43
26
43
34
39
27
60
35
30
52
56
47
45
22
37
39
64
37
37
62
54
39
41
39
39
35
43
37
37
58
26
39
54
41
22
39
24
9
37
41
39
26
26
56
30
37
33
31
33
58
56
60
24
33
35
24
28
35
37
33
39
47
60
37
56
39
28
49
33
39
22
41
35
37
52
37
39
54
28
26
35
43
43
11
43
43
50
39
39
64
39
43
41
35
24
41
60
24
43
22
37
26
62
56
52
37
45
37
58
24
37
64
52
41
22
9
43
39
39
31
39
56
41
39
32
28
37
37
35
33
26
43
41
45
41
37
35
41
22
62
37
35
43
30
50
41
52
41
43
20
33
37
54
22
20
56
37
37
28
46
20
37
45
47
24
24
24
39
39
52
37
52
45
20
41
41
28
39
35
24
31
37
18
56
39
37
26
50
16
37
43
41
41
39
39
35
43
45
54
39
35
39
39
56
50
26
50
24
50
37
37
20
37
13
37
43
37
28
37
33
45
39
41
24
22
26
43
39
33
41
41
45
39
37
41
22
52
56
43
24
39
28
43
52
7
35
51
30
56
52
24
24
35
39
24
22
30
62
24
43
39
41
35
41
43
56
58
50
62
33
49
30
53
56
24
20
37
39
41
37
41
45
22
54
50
26
24
19
37
43
41
22
39
24
43
22
41
26
22
58
41
43
28
41
37
39
41
37
48
37
22
41
43
45
37
9
43
37
30
16
24
35
33
26
43
56
41
35
56
56
33
41
26
22
52
58
39
54
22
37
33
39
37
41
41
39
20
26
39
37
48
37
33
26
33
39
35
43
54
22
37
45
22
28
41
56
39
37
9
24
47
52
37
13
43
58
37
47
46
54
54
33
41
33
22
50
13
43
39
64
47
24
35
20
22
37
18
22
41
43
24
20
37
33
24
35
43
41
56
39
16
41
22
45
39
43
39
37
35
37
45
37
41
35
22
35
37
37
22
39
37
56
53
37
52
30
39
35
58
30
39
41
22
20
66
41
41
58
37
39
35
35
13
24
35
20
54
37
35
37
52
47
37
70
41
41
62
37
24
64
33
45
60
26
53
39
41
39
35
33
47
24
22
41
35
62
37
54
37
26
56
41
41
50
39
45
26
39
37
28
26
22
24
39
43
24
54
41
41
26
64
41
28
43
43
50
58
41
52
41
49
48
41
35
22
35
41
26
54
24
33
37
37
35
47
58
35
66
35
43
35
48
37
39
35
56
39
35
39
28
39
35
58
28
62
41
56
52
99
33
35
41
60
35
22
37
39
58
41
37
35
33
35
43
39
24
20
54
37
22
31
43
26
43
41
33
20
43
39
30
39
43
18
58
54
35
39
39
37
35
43
22
43
24
35
41
24
31
35
29
33
39
45
9
37
52
58
37
43
24
28
60
24
41
26
24
39
35
37
64
54
39
54
37
35
26
39
24
43
45
22
24
43
22
56
41
39
37
22
39
37
41
33
37
52
26
43
41
58
24
26
28
35
41
37
41
39
26
43
33
26
54
33
22
22
43
41
39
41
31
33
37
26
62
73
24
45
35
39
24
41
24
58
32
43
39
39
41
37
56
39
22
58
35
35
37
56
PLA Ended!
average updating count is:  37.987
