PLA Started!
10.6
14.8
10.8
12.6
18.4
14.2
9.6
10.0
10.6
15.6
14.2
10.0
16.2
9.6
12.2
15.8
12.8
13.6
12.4
12.6
12.6
12.2
16.2
17.0
13.2
14.8
12.2
13.6
11.4
10.2
14.4
20.2
10.4
14.2
13.4
17.4
12.4
13.4
12.0
21.8
14.8
15.8
12.6
12.6
15.6
20.8
13.4
10.6
21.2
11.8
14.4
12.8
10.4
13.0
19.0
17.4
17.8
11.2
11.0
15.6
14.8
14.0
16.8
10.0
11.6
13.6
12.6
10.0
18.0
11.8
15.4
11.6
14.0
11.0
8.8
18.6
11.6
15.0
12.0
11.0
11.0
20.2
11.4
9.4
13.8
10.6
11.2
17.6
10.8
15.2
13.0
12.6
11.8
10.6
26.4
12.4
16.4
16.8
16.6
14.2
14.2
18.4
13.6
14.4
15.2
11.2
10.2
17.0
11.8
9.4
8.4
10.4
12.6
13.6
13.6
21.0
13.0
11.6
13.0
11.8
11.0
14.0
22.0
11.4
11.8
15.4
16.2
17.8
15.6
13.8
15.6
10.2
11.4
10.2
18.2
13.0
15.6
13.2
12.0
12.0
12.0
23.0
12.2
9.6
20.4
8.2
11.0
10.2
16.0
14.2
7.4
8.0
10.4
17.2
17.4
11.8
13.0
19.0
12.0
13.6
11.8
9.6
12.0
15.4
14.0
14.4
15.8
16.8
14.2
17.8
12.8
8.8
14.4
9.8
13.4
18.4
10.6
12.4
10.8
11.2
16.8
9.8
8.4
13.6
12.8
9.8
22.6
16.4
17.0
8.6
13.6
18.2
9.8
13.8
11.8
15.2
11.2
16.0
10.0
15.2
10.8
13.4
10.4
13.2
11.2
15.2
12.8
15.2
15.2
11.4
21.8
11.6
14.8
10.4
11.0
10.8
12.4
17.8
15.8
6.8
17.6
19.6
13.0
14.6
12.4
11.0
15.8
19.0
10.4
10.4
17.6
14.4
20.0
8.6
9.8
13.0
9.8
18.8
14.2
11.4
14.0
12.6
10.8
12.4
10.8
10.4
11.8
10.4
14.2
10.4
16.8
18.4
11.4
16.4
13.8
13.8
10.2
10.0
16.6
10.4
11.4
16.0
13.4
15.6
14.4
13.4
15.2
12.0
11.8
11.2
13.0
14.0
15.6
15.0
14.6
19.6
19.6
8.4
8.8
16.8
14.0
18.8
11.0
14.4
14.0
11.2
19.2
10.0
19.0
13.8
13.6
9.2
14.6
12.8
13.8
12.6
16.4
14.6
10.2
12.8
14.0
16.4
13.6
12.4
12.2
15.6
18.6
10.2
8.4
10.4
12.6
14.0
9.6
14.4
12.0
12.8
13.4
10.8
13.8
15.2
12.2
12.6
10.4
12.0
9.2
13.8
14.2
20.6
20.4
12.8
14.8
20.4
20.2
15.8
17.6
13.6
16.4
13.8
10.2
13.2
12.6
11.6
20.0
10.2
16.0
15.6
11.6
12.2
15.4
11.6
11.4
9.6
10.6
8.8
9.4
14.0
19.2
11.6
13.6
15.0
13.6
18.6
11.2
13.6
12.8
15.0
12.6
10.6
16.8
9.0
14.6
15.6
20.6
18.6
12.8
12.4
15.0
14.0
14.0
15.4
11.8
10.2
11.6
16.4
15.2
15.0
12.6
11.8
10.8
14.8
16.2
13.2
9.8
15.2
12.8
11.2
7.2
16.8
14.0
18.0
18.4
15.8
15.6
11.8
22.6
15.4
10.8
11.8
11.6
12.0
12.6
10.6
12.6
16.2
14.8
14.2
16.4
13.0
9.8
10.0
12.4
12.4
16.2
13.6
15.0
13.0
9.2
11.4
16.0
12.2
19.8
15.6
9.6
16.8
23.4
13.0
16.4
14.6
19.0
12.8
10.2
11.2
16.8
11.4
15.8
14.0
13.4
15.0
12.2
9.0
8.4
14.6
9.6
15.8
18.4
11.6
9.6
19.4
19.2
7.4
10.0
13.8
14.4
12.4
13.0
17.4
11.6
13.8
17.6
18.8
17.2
14.8
9.6
18.8
9.8
16.8
9.8
15.8
11.0
16.2
11.6
12.8
14.8
10.6
12.8
15.8
12.2
13.2
9.0
14.4
13.0
10.0
12.4
11.8
16.6
14.2
8.6
13.8
15.8
11.6
9.8
16.2
11.0
9.4
9.6
13.4
16.2
10.6
13.8
11.0
16.6
10.8
16.0
11.8
13.2
14.4
8.2
19.4
22.2
10.2
20.6
18.8
11.4
11.8
13.2
15.0
12.4
12.4
13.6
18.2
14.2
8.6
12.0
17.2
17.4
15.6
19.8
9.6
13.6
8.0
19.6
14.6
14.4
14.6
11.2
9.2
13.2
16.2
10.2
7.6
13.2
11.4
10.8
11.6
15.2
12.4
14.2
12.8
11.8
12.6
11.4
17.2
10.4
11.8
16.2
9.8
15.2
13.8
12.8
15.4
14.6
15.2
16.8
13.2
19.4
11.4
10.8
11.8
10.4
17.6
16.4
15.6
19.4
12.6
8.8
15.4
7.8
11.2
14.0
8.8
9.4
8.4
14.4
13.0
15.6
16.4
14.6
11.6
13.0
10.6
14.6
11.6
10.0
13.0
10.2
14.6
9.4
13.4
12.2
14.4
12.2
11.4
13.6
17.0
15.4
14.0
9.8
13.6
14.4
14.8
12.4
15.0
14.4
13.6
11.6
14.6
12.2
9.8
9.6
12.2
13.0
14.0
14.2
13.2
16.8
13.8
14.4
16.0
9.6
11.2
14.0
14.2
9.0
10.0
15.0
13.4
10.4
11.2
14.2
17.6
18.0
15.4
15.4
14.6
10.8
15.6
21.8
10.0
12.4
16.6
12.2
14.6
10.4
11.6
13.8
17.2
13.6
14.0
11.6
10.6
12.0
13.6
12.6
23.2
8.8
10.0
11.0
12.8
11.0
24.8
8.2
13.6
10.8
9.2
9.2
13.4
12.6
13.2
14.2
13.0
16.6
15.4
15.8
14.4
14.4
13.0
16.4
17.4
9.8
19.2
13.8
11.0
16.4
11.4
10.8
25.8
10.2
17.6
15.2
11.2
12.4
17.4
9.0
15.6
17.8
13.4
14.0
14.4
12.8
16.6
9.2
11.6
11.0
9.8
13.8
13.0
16.8
10.2
10.8
13.8
16.0
13.6
16.2
17.0
12.4
18.8
15.2
11.8
12.0
11.8
15.8
14.0
9.0
12.6
10.2
9.2
15.2
12.8
10.0
10.6
11.8
13.8
15.4
10.0
15.4
11.2
11.2
12.6
11.2
17.2
16.8
11.8
12.6
10.6
16.4
11.4
12.6
13.2
17.0
16.8
11.0
13.0
11.4
11.4
10.4
12.8
13.2
15.2
15.6
19.4
13.0
14.8
21.4
10.8
15.8
12.8
20.2
10.0
10.8
18.2
10.4
10.4
15.6
10.4
12.6
14.0
15.6
11.6
12.0
21.6
11.2
10.2
13.8
10.8
10.2
12.8
10.0
13.6
15.2
24.4
19.8
14.6
12.4
12.6
14.2
9.2
11.4
15.8
18.8
14.6
18.2
17.4
13.0
8.6
14.4
14.2
8.0
17.0
11.2
17.4
8.4
9.0
20.6
11.0
11.8
17.8
14.0
13.8
25.0
12.4
12.8
13.0
15.2
10.4
13.2
13.2
14.6
9.4
14.6
14.2
14.2
11.2
13.8
11.6
15.4
14.6
13.2
11.6
14.0
10.6
10.6
16.0
17.6
13.0
12.2
10.8
17.8
14.6
19.0
12.2
14.0
12.4
22.4
11.4
14.2
13.0
10.8
15.4
13.0
12.2
12.2
12.2
13.4
12.6
14.4
11.2
10.4
12.2
17.0
17.8
14.6
13.2
13.8
11.8
9.8
10.8
12.0
11.4
15.2
11.6
16.8
18.0
13.4
11.8
10.8
14.4
13.6
12.2
13.8
15.6
12.4
12.4
14.4
13.8
16.0
11.8
10.2
9.6
10.2
23.6
13.0
10.2
14.0
12.4
15.0
10.0
17.0
15.4
11.6
12.4
14.2
11.4
9.8
15.0
14.2
14.4
8.2
13.4
14.6
15.8
12.0
10.4
13.6
9.2
22.6
16.6
12.2
12.6
11.2
12.8
12.2
12.2
14.0
11.0
18.2
15.2
13.0
16.2
11.0
10.0
8.8
14.0
11.6
9.4
12.2
12.6
8.8
14.8
12.2
15.4
8.8
13.4
13.2
17.8
13.0
18.0
14.6
13.2
10.8
13.2
17.2
11.6
17.4
11.6
9.8
9.6
18.6
14.4
11.4
16.2
10.4
11.6
10.2
11.2
14.6
15.2
9.2
16.8
11.0
15.2
6.6
14.4
12.0
15.6
15.2
15.0
14.2
9.2
14.0
13.8
12.0
13.6
11.2
16.4
14.6
10.4
11.2
10.2
12.8
10.0
20.4
17.2
17.4
8.4
10.8
20.4
14.4
11.8
10.2
15.8
17.2
17.0
13.0
15.6
17.4
15.6
18.6
12.6
13.6
12.2
14.2
15.2
14.6
15.4
15.6
12.4
11.2
15.4
23.4
11.8
10.4
10.6
11.6
10.8
17.0
17.0
13.2
12.4
15.6
10.8
16.0
14.4
9.2
9.4
10.6
15.2
13.8
16.8
7.6
12.2
12.4
16.8
12.2
13.0
16.8
20.0
12.2
13.6
10.2
13.6
13.2
18.2
12.6
12.6
11.2
12.2
17.2
16.2
13.0
14.0
11.6
17.0
13.4
9.2
13.0
14.6
18.2
11.8
15.6
10.2
17.6
13.6
10.2
11.6
16.0
11.6
18.4
10.8
11.8
10.4
12.8
9.6
23.8
15.0
12.2
13.0
12.2
10.0
10.2
16.0
11.0
21.0
10.8
10.4
13.2
15.6
16.4
9.4
15.6
13.6
18.4
14.4
13.4
13.2
9.2
16.0
13.8
17.0
14.0
17.8
13.0
15.6
15.8
14.8
12.2
22.0
13.0
12.6
11.6
11.0
13.4
11.8
13.8
9.8
18.2
12.4
10.8
14.6
14.4
14.0
13.8
15.6
12.4
14.4
10.4
15.2
11.2
13.6
12.0
12.0
11.6
12.4
11.0
18.4
12.2
12.8
10.0
10.0
24.8
13.0
18.4
13.8
12.6
12.2
16.6
11.4
12.2
13.6
15.6
9.6
10.8
11.4
9.8
12.2
16.4
12.2
12.8
18.4
12.4
7.6
11.4
14.4
13.4
16.4
12.4
11.2
17.6
13.0
11.2
14.4
11.4
19.2
15.0
16.6
10.6
14.4
21.4
13.2
15.4
17.6
20.4
11.4
18.6
10.6
14.4
13.2
15.4
10.0
12.0
14.4
13.4
9.2
14.2
13.2
14.8
14.2
13.2
16.0
10.6
13.6
16.4
13.6
20.4
12.4
16.0
12.4
12.4
11.4
11.4
10.6
14.2
14.8
12.4
15.8
10.0
14.8
15.0
11.8
15.6
8.8
8.6
13.8
13.6
8.2
10.8
9.6
11.4
12.6
11.2
12.0
14.0
10.2
18.6
21.0
12.2
12.4
13.4
9.6
12.0
21.8
9.6
10.4
10.0
9.2
13.6
11.8
9.6
10.2
15.2
11.0
11.8
13.4
11.4
16.4
16.8
15.2
15.2
18.4
10.2
16.4
9.8
13.6
12.2
13.8
12.0
13.8
20.6
11.8
12.0
9.0
10.8
13.6
14.2
13.6
10.6
13.4
16.2
12.4
12.2
13.6
12.6
16.2
14.6
13.4
24.2
16.0
10.4
11.2
12.0
18.6
21.4
15.2
12.2
14.0
16.4
14.6
13.6
14.6
17.8
12.6
18.8
10.2
11.2
16.4
12.0
12.0
10.2
13.4
14.0
13.4
21.6
14.8
14.8
14.2
11.2
11.8
16.6
14.8
12.4
17.6
13.0
13.8
12.4
12.0
11.2
10.8
9.8
30.2
18.4
18.0
11.4
13.8
11.0
12.2
12.0
12.4
11.4
10.2
10.8
17.0
15.6
11.2
10.8
13.6
12.6
15.0
12.6
15.6
13.2
16.0
24.2
10.8
9.6
10.4
12.6
13.2
8.8
13.0
7.8
8.2
17.6
22.8
11.6
10.8
12.8
18.4
14.0
11.6
12.4
10.6
13.0
12.4
8.4
16.0
13.4
10.6
11.2
10.6
10.6
16.2
12.4
10.0
19.4
11.4
20.0
11.6
10.2
13.4
15.2
13.2
11.2
12.0
9.0
13.8
14.4
11.0
13.6
14.8
15.2
12.4
12.8
17.8
15.2
12.6
16.0
14.2
12.2
14.0
11.6
13.8
16.2
7.4
13.4
10.0
14.2
14.2
14.4
15.2
12.6
14.0
10.0
16.4
11.0
18.6
14.8
11.0
11.6
14.8
16.2
12.0
12.8
15.8
19.0
16.2
8.8
13.4
14.8
14.6
15.4
10.6
23.0
24.4
14.2
11.8
12.6
11.4
11.8
15.4
14.8
13.4
12.4
10.0
14.0
12.8
13.4
10.6
12.4
9.4
14.2
14.6
15.2
12.8
14.6
10.6
18.0
13.8
15.4
10.6
11.4
14.0
14.8
11.0
13.6
17.4
13.2
13.2
15.2
12.4
19.2
13.8
10.8
12.4
12.0
12.0
12.4
12.0
15.2
11.0
10.4
16.0
10.2
14.4
11.0
9.8
15.2
12.6
11.0
14.0
10.0
14.0
14.2
14.6
11.8
14.6
7.4
10.8
11.2
14.6
9.8
13.2
13.8
23.2
18.0
10.4
12.2
13.6
9.8
11.6
13.8
15.8
16.8
24.8
11.6
11.4
12.0
11.0
17.8
12.6
15.4
14.6
14.2
12.2
13.6
16.2
11.6
13.0
9.2
20.4
16.6
15.6
20.0
10.8
13.2
16.6
8.4
11.2
13.8
15.4
11.8
13.4
13.2
14.8
13.0
12.8
14.8
14.6
23.0
16.6
11.2
12.4
14.0
14.2
11.8
14.8
10.6
11.2
11.6
16.0
14.4
11.8
12.4
15.2
11.2
13.2
12.4
18.8
13.2
9.4
12.8
7.8
14.8
12.6
16.8
9.8
18.8
13.6
11.6
14.6
14.6
15.6
12.8
11.8
14.2
13.0
16.6
11.4
12.6
9.8
17.6
16.4
13.2
13.0
14.6
10.2
24.0
16.8
9.4
11.6
12.6
13.6
16.0
11.6
17.6
14.6
9.6
12.4
11.2
28.4
14.8
17.8
13.8
12.8
7.8
11.4
9.2
9.2
11.8
14.8
14.2
11.0
12.4
12.4
11.6
11.0
10.6
15.4
9.6
13.8
8.0
15.0
17.6
15.0
11.8
26.2
15.4
12.0
15.8
14.6
11.0
9.6
10.6
15.0
16.2
13.2
17.8
11.4
10.2
9.2
10.2
13.8
12.8
9.6
13.4
18.0
15.2
17.4
8.8
11.0
10.6
11.6
18.4
11.0
12.0
9.8
13.4
7.6
12.2
10.6
11.0
12.6
13.6
12.4
17.4
13.4
19.6
13.2
12.0
15.2
9.6
13.8
10.0
16.6
21.4
15.6
8.8
16.0
16.6
8.8
18.8
13.8
12.8
12.6
9.8
16.0
8.2
14.4
15.4
19.8
11.6
10.2
15.6
14.8
14.2
18.0
16.2
21.4
11.8
12.0
13.2
12.0
11.2
11.0
10.6
10.4
14.0
13.4
14.6
16.4
18.6
17.4
9.8
9.6
11.2
10.4
11.0
8.2
8.4
14.0
12.8
13.0
11.0
15.4
11.0
16.8
16.8
11.2
16.8
15.4
12.2
12.4
24.4
9.6
8.6
10.2
13.8
13.4
9.8
18.0
7.8
9.2
12.2
10.4
10.0
9.2
9.2
13.8
8.6
12.4
16.8
14.8
11.4
8.8
10.0
13.6
17.4
16.0
9.8
15.4
15.6
10.4
17.0
16.2
8.4
11.0
17.6
18.2
17.0
14.8
16.2
10.6
15.2
13.8
10.0
11.4
8.2
14.0
10.8
10.2
11.0
25.0
10.2
11.8
20.4
16.0
16.0
16.0
10.8
15.0
14.6
14.2
15.2
26.2
16.8
12.6
12.8
12.8
15.2
20.0
10.8
20.0
10.4
15.0
8.6
17.6
13.2
14.8
15.4
12.0
15.4
19.8
12.6
15.4
10.2
9.8
18.0
18.0
8.8
15.0
15.8
11.6
9.6
17.4
17.0
14.8
13.6
13.0
12.6
14.2
11.8
14.6
11.0
15.4
13.6
10.8
8.6
13.0
11.8
13.2
15.0
8.8
12.4
9.6
17.4
10.8
10.2
8.8
10.8
12.8
10.8
10.6
15.6
16.2
14.6
16.8
22.6
11.6
11.6
11.4
9.6
18.0
14.4
13.4
12.6
19.4
11.0
14.8
18.2
13.6
15.0
15.2
12.8
9.4
13.8
9.4
14.0
11.4
17.4
12.0
10.8
15.0
10.2
9.2
15.4
11.2
14.6
13.8
10.0
18.2
12.0
11.8
11.4
7.4
17.2
9.6
10.8
15.8
19.0
10.8
16.4
11.4
18.2
15.8
8.6
10.0
14.6
23.2
12.8
12.6
17.0
12.6
13.0
15.0
11.2
12.0
15.8
15.2
13.2
14.0
10.6
13.4
10.2
13.6
17.2
15.0
12.6
12.8
15.8
11.8
14.6
18.2
9.4
10.2
10.0
14.4
10.4
15.0
10.8
12.0
16.2
15.0
PLA Ended!
Average error rate is:  13.5249
