PLA Started!
15.6
63.2
12.8
19.8
13.4
68.6
42.2
41.4
12.6
13.8
21.6
58.6
17.6
50.8
63.0
29.0
20.0
21.0
41.0
20.8
36.8
65.4
14.8
22.0
13.6
52.0
26.4
13.2
50.6
12.8
31.8
37.0
28.4
19.6
22.2
9.2
12.6
22.6
19.8
13.4
18.6
71.6
25.8
42.4
45.4
25.6
12.8
52.6
11.2
15.2
18.0
31.0
15.0
18.8
14.8
28.6
34.0
19.2
21.6
28.8
16.6
30.6
25.8
24.6
56.4
14.8
27.2
59.8
49.8
24.4
27.2
13.2
69.6
18.4
31.4
43.0
24.6
29.6
30.8
30.4
17.0
17.2
21.6
38.6
28.2
12.0
69.8
11.4
32.0
20.4
13.4
27.2
18.4
18.4
18.6
38.8
13.0
14.4
24.6
23.6
28.6
29.8
14.8
26.4
16.6
14.8
9.0
17.6
11.4
42.4
18.0
22.8
15.8
18.8
16.6
21.8
29.4
31.0
47.2
11.0
46.2
27.4
13.4
29.2
25.2
26.8
25.6
12.4
37.4
19.4
12.8
17.0
8.8
24.0
71.6
45.0
21.0
27.2
32.0
15.0
29.0
11.6
23.6
36.0
68.6
70.6
9.2
17.0
21.4
42.0
68.8
19.4
14.4
19.4
58.8
32.2
17.8
8.8
20.0
22.4
21.2
64.6
24.2
25.6
34.8
47.8
13.6
13.2
15.0
40.4
47.0
16.8
25.2
23.6
11.8
16.8
21.0
37.4
14.0
20.0
71.0
11.0
14.2
14.4
15.4
38.0
41.8
43.8
19.4
21.4
20.8
14.6
13.6
12.4
50.8
37.6
45.4
10.2
12.8
14.0
11.2
26.2
22.2
62.4
14.0
53.2
15.6
55.8
14.6
45.4
17.4
38.6
17.8
21.6
52.4
17.2
29.4
22.4
25.2
10.4
29.6
19.4
72.2
16.8
12.6
26.2
67.4
17.0
15.2
23.4
15.0
22.6
21.6
18.8
63.6
16.8
21.4
28.2
47.2
12.2
22.4
48.0
29.8
37.6
67.4
38.8
11.0
20.0
14.8
13.8
14.2
15.2
65.6
26.6
19.6
19.0
26.2
19.4
65.4
17.0
12.0
9.8
23.4
64.2
27.0
70.6
63.0
18.8
20.0
50.8
20.8
37.2
13.8
21.8
21.6
19.0
35.8
17.6
18.0
12.6
22.6
27.2
34.8
30.6
15.0
29.6
15.4
14.6
12.0
14.6
11.6
24.2
19.8
18.8
61.0
13.4
44.0
19.0
12.6
25.8
44.4
16.2
23.6
17.4
24.6
18.6
12.8
26.0
16.8
14.4
19.4
67.6
13.0
16.2
23.2
24.4
15.2
15.4
20.4
15.4
10.6
20.6
30.6
26.2
12.8
66.4
24.0
21.2
27.6
20.6
15.8
43.4
16.6
31.0
34.6
40.0
19.0
14.4
11.2
11.6
14.4
34.4
17.2
22.4
29.0
15.6
10.4
13.6
27.2
13.0
16.6
14.2
42.0
30.4
27.2
16.0
11.8
41.6
13.0
40.4
65.2
29.2
24.6
29.2
13.0
25.0
25.2
51.0
24.2
19.6
51.0
19.6
22.6
38.6
16.0
11.4
14.0
12.6
22.6
29.6
57.2
15.6
14.6
19.8
52.0
24.2
13.8
24.2
30.2
19.4
28.2
47.6
45.4
16.8
23.0
17.8
33.8
13.2
10.4
14.6
15.8
61.6
26.4
34.4
29.6
69.6
12.2
10.4
15.0
47.0
17.0
17.4
71.2
19.2
16.0
26.6
27.8
70.0
15.6
16.6
15.0
24.6
8.4
50.2
69.4
21.2
30.6
68.0
21.0
15.6
18.8
27.8
19.8
72.6
19.0
52.0
14.2
16.4
14.0
52.0
9.2
59.0
12.8
72.2
23.4
12.8
13.8
9.6
25.2
23.2
13.0
26.6
67.4
22.4
69.4
24.6
18.6
21.2
21.8
27.2
17.4
34.2
9.2
26.2
26.2
41.8
61.6
20.0
25.6
20.0
25.0
12.2
15.0
12.0
28.4
29.2
11.0
41.8
14.6
53.8
32.4
26.8
23.4
23.8
56.0
22.2
14.0
29.2
22.4
17.8
11.8
19.6
69.4
23.4
23.8
16.4
14.4
10.2
41.6
18.8
24.4
61.0
34.0
68.4
14.2
18.4
28.6
16.8
56.2
10.8
17.2
20.6
19.4
20.4
24.2
71.6
57.4
31.2
16.2
51.2
12.6
10.8
13.4
20.0
24.0
50.4
18.8
20.8
44.4
15.2
56.0
23.6
14.4
17.4
70.0
19.8
16.6
23.6
17.4
48.6
71.0
22.0
26.6
14.8
46.4
15.0
15.2
27.0
18.2
21.6
24.6
17.6
10.8
14.8
27.2
65.0
12.6
28.6
67.8
19.4
18.4
35.2
15.4
16.2
9.2
22.6
13.8
53.8
20.2
29.6
17.4
72.2
40.8
52.0
22.8
53.0
13.4
69.6
20.0
21.8
21.6
16.4
25.6
22.4
22.8
17.4
31.2
12.6
16.2
15.6
10.4
68.4
63.8
14.8
20.2
13.6
12.4
27.2
67.6
20.6
26.4
16.6
38.4
73.0
51.2
26.4
28.6
57.2
52.6
28.4
29.2
30.0
18.2
27.8
45.4
21.8
14.8
17.6
11.6
39.6
50.4
13.6
41.0
10.2
70.0
41.2
16.4
21.4
13.6
35.4
23.0
14.8
23.6
27.2
17.4
25.8
28.8
15.2
16.4
18.0
20.6
26.4
58.0
18.2
25.0
36.6
18.2
16.0
59.0
22.6
22.8
20.6
24.4
17.6
21.6
70.2
52.2
71.8
11.2
56.4
19.0
13.8
24.8
38.2
27.4
18.2
18.6
31.6
21.8
8.4
26.4
20.2
24.4
59.0
21.4
17.2
68.8
50.2
15.6
19.2
24.0
19.8
25.2
73.4
10.4
27.6
66.4
29.0
58.6
17.0
42.0
29.6
66.8
22.4
49.0
28.0
11.8
17.8
28.4
15.0
30.4
12.2
28.0
68.6
13.0
16.0
16.0
17.4
16.0
25.6
17.0
12.0
13.8
17.4
33.2
36.4
43.4
21.2
16.4
10.8
66.8
35.2
28.0
45.4
34.4
15.4
20.0
17.0
11.2
21.6
33.2
9.4
18.0
24.0
21.4
13.0
12.6
25.8
13.4
17.2
30.8
19.4
24.4
16.6
32.6
12.2
55.8
20.6
25.6
47.8
24.4
63.4
16.0
10.6
34.0
21.8
50.8
14.6
21.4
15.2
26.6
33.8
36.4
9.2
33.2
27.0
24.6
18.6
23.4
70.4
15.2
40.2
16.6
17.2
18.0
34.4
18.0
24.0
30.0
64.8
35.2
18.4
68.6
11.8
48.4
25.4
16.6
68.8
56.0
30.2
18.2
16.2
19.2
24.0
16.0
10.6
12.2
39.8
26.6
15.4
21.6
31.0
28.0
24.2
24.4
19.2
65.6
16.4
59.0
16.2
20.8
10.4
31.8
17.8
16.0
69.0
10.6
22.2
22.0
21.0
59.6
14.4
15.0
42.0
21.2
35.0
24.2
31.0
15.6
42.4
22.2
13.0
13.4
26.2
19.0
28.2
14.8
15.0
22.2
48.0
33.8
17.2
26.4
41.6
15.0
27.4
17.8
60.8
17.2
19.0
11.2
14.4
16.8
23.0
35.8
15.2
25.8
15.2
21.0
10.6
35.2
57.8
22.8
26.4
17.6
12.0
34.6
12.4
26.4
32.4
25.0
26.8
15.6
33.6
17.4
19.0
19.6
13.0
50.6
71.6
13.2
35.2
20.6
29.6
62.2
13.2
72.0
17.4
14.6
21.8
12.8
14.2
22.4
44.0
19.8
14.4
10.8
41.0
27.0
63.4
64.8
21.6
25.2
17.0
25.4
50.8
24.8
22.8
39.6
20.8
21.4
8.6
70.8
19.4
31.2
25.0
15.6
17.4
60.4
22.8
23.0
9.8
17.4
43.4
12.8
36.2
74.6
70.4
15.2
16.4
31.6
17.8
20.8
23.4
24.0
67.0
25.2
23.0
33.4
47.8
13.4
26.0
74.0
26.2
32.6
32.6
22.4
54.0
11.4
47.0
42.4
22.6
18.4
26.6
21.2
44.0
19.4
20.0
67.6
72.2
11.8
10.6
23.8
68.4
29.0
13.0
16.8
19.0
24.2
50.8
69.0
18.8
27.2
25.2
15.2
27.0
14.8
25.4
39.6
12.8
56.6
18.6
65.8
27.6
10.8
16.8
22.6
22.0
60.2
19.0
13.8
9.8
28.8
19.6
25.4
13.0
16.8
18.0
12.0
18.8
28.4
39.6
38.8
22.8
17.8
20.6
9.6
13.8
19.2
12.4
53.8
30.4
29.8
17.2
10.6
16.0
13.2
12.4
19.2
32.4
14.2
14.2
25.8
12.8
19.0
57.2
11.2
21.2
67.6
24.4
19.4
22.8
15.2
48.0
12.0
62.4
13.6
15.8
15.8
50.8
28.4
21.8
21.0
34.2
23.6
27.6
42.8
70.4
58.2
22.4
16.0
48.6
18.4
23.2
32.6
11.0
18.2
16.4
20.0
11.6
64.4
10.6
30.0
29.8
26.2
12.4
17.8
12.4
11.4
9.6
51.6
10.6
51.2
15.8
11.6
39.8
15.4
13.0
12.2
18.2
27.2
54.0
11.8
26.6
33.2
15.4
70.0
11.0
11.2
25.6
58.8
15.8
20.6
14.8
18.0
40.4
19.4
16.4
13.6
28.2
24.2
41.2
15.2
41.8
26.6
45.6
20.8
57.6
21.0
10.6
14.8
73.0
29.6
14.6
28.4
31.4
31.0
14.8
16.0
19.0
43.6
13.2
23.0
29.4
30.8
44.0
19.8
67.2
17.4
16.8
15.8
70.2
57.2
61.6
16.6
10.6
44.6
30.4
29.2
14.4
23.0
42.6
22.6
59.8
17.4
15.4
14.4
14.6
30.4
14.2
19.4
49.4
56.2
22.0
15.0
9.2
16.2
13.8
22.2
16.2
14.6
22.2
56.8
14.2
8.8
16.2
43.6
20.8
13.6
26.4
16.0
12.0
10.4
17.0
14.2
10.2
17.8
24.2
67.4
18.2
46.8
18.8
17.6
36.4
38.2
18.0
29.4
21.8
51.2
16.0
23.4
45.0
22.4
18.4
67.8
17.8
12.2
13.8
25.0
44.4
31.6
32.2
16.0
24.8
13.8
22.2
27.4
42.4
22.6
26.8
55.8
34.6
15.8
13.4
23.0
13.6
28.6
14.2
13.2
14.0
26.4
42.8
53.6
23.2
23.6
43.0
39.4
45.2
29.2
30.0
21.0
18.4
10.6
24.8
21.4
21.4
53.0
11.6
23.6
24.4
17.2
19.8
32.8
22.0
25.2
18.0
61.6
49.6
21.6
69.6
35.6
21.8
54.2
36.2
40.2
22.8
35.2
42.6
19.2
24.0
44.4
20.4
25.2
21.4
20.4
70.0
12.2
21.6
27.4
10.6
11.8
20.6
17.4
30.4
51.8
45.2
19.8
32.0
22.0
13.2
20.2
17.6
69.2
19.6
20.8
35.6
22.8
13.2
10.0
70.8
12.2
31.0
25.8
22.2
14.4
14.8
29.2
44.8
59.4
64.4
39.8
14.2
12.0
17.0
28.0
13.6
22.6
21.4
70.6
25.0
36.6
17.8
28.2
25.6
26.0
18.6
10.8
30.2
10.2
42.2
18.2
26.6
24.6
69.2
13.8
10.0
13.0
72.2
13.2
13.2
48.6
27.4
20.8
13.0
25.2
14.8
60.2
19.2
15.8
22.4
14.2
16.0
20.8
18.0
27.0
25.2
25.2
20.4
27.4
9.8
72.6
15.0
20.0
66.0
51.0
22.8
24.8
15.0
19.2
21.0
21.4
14.0
21.4
21.0
18.2
25.8
40.0
42.0
26.4
24.8
22.0
11.6
64.8
74.8
22.4
17.2
9.8
37.0
21.0
71.4
16.8
28.4
68.0
15.0
12.0
16.6
35.4
50.6
31.0
28.0
19.2
14.8
23.6
18.8
17.8
14.4
23.4
23.8
22.4
25.0
17.8
69.6
37.2
16.6
22.4
41.2
38.4
20.6
14.6
13.2
68.0
57.8
15.0
30.8
18.0
60.6
14.2
21.0
22.0
28.4
46.4
15.4
23.0
23.8
22.6
41.4
71.2
68.8
21.0
20.6
48.6
29.2
26.6
24.6
21.6
31.2
20.6
20.4
62.4
21.0
17.0
73.6
12.4
20.0
40.8
17.8
18.0
15.2
26.0
19.8
25.6
41.2
40.4
35.8
24.4
15.4
24.8
38.8
27.6
19.6
19.4
32.2
23.0
60.6
17.8
42.0
16.4
9.4
18.6
19.6
52.6
45.6
20.8
23.4
57.0
28.2
11.8
21.0
47.8
20.6
47.4
30.8
71.8
13.0
27.0
44.2
41.6
12.0
25.4
34.2
34.0
26.0
23.6
32.2
66.2
19.0
24.4
13.6
20.2
14.2
61.6
50.0
20.6
28.8
15.4
69.8
29.0
55.8
69.8
14.6
49.4
43.4
26.8
10.8
37.8
23.2
28.6
42.8
13.2
20.6
34.8
19.0
24.4
23.0
13.6
31.0
19.2
66.8
24.0
15.8
39.8
23.2
13.6
18.0
24.2
16.2
19.0
11.4
45.0
11.2
36.0
40.4
17.4
30.6
42.0
17.2
15.6
16.4
36.8
19.0
24.2
18.2
32.2
30.0
41.8
17.6
20.6
41.0
16.8
41.4
32.8
64.8
43.6
26.8
18.4
22.4
24.6
36.8
55.4
23.2
19.8
19.2
38.2
13.8
66.4
13.4
42.0
21.2
20.0
22.8
73.6
28.6
11.8
20.0
19.2
35.8
45.8
23.0
30.8
17.8
23.6
41.0
45.2
21.6
15.4
17.2
31.8
47.4
15.2
22.6
54.6
73.0
21.8
27.8
31.6
45.8
46.2
20.2
20.0
70.8
18.2
10.6
29.8
11.6
19.6
24.0
26.6
67.0
9.4
14.8
19.4
14.6
23.6
45.2
17.6
16.2
30.8
17.0
11.0
66.2
12.4
25.2
53.4
14.8
11.6
12.0
26.8
16.8
54.8
30.6
12.0
15.8
13.0
14.6
32.2
15.4
13.0
28.8
28.2
21.0
30.4
18.2
69.8
16.8
34.6
15.4
54.0
11.2
19.6
26.8
14.4
20.0
32.2
10.6
21.0
37.0
12.0
28.2
28.4
30.0
27.2
32.0
20.8
20.4
72.4
17.6
29.0
16.6
23.2
12.0
11.2
42.8
24.2
16.6
29.2
14.4
44.6
9.8
15.6
24.8
19.6
26.8
49.6
66.4
29.6
19.6
18.0
26.4
23.6
20.0
29.0
24.8
69.0
27.6
44.2
10.2
17.0
18.4
12.4
41.6
28.6
9.4
11.2
19.2
13.4
9.6
11.0
19.2
18.8
13.8
70.6
18.6
20.8
26.0
68.4
26.4
13.8
25.4
62.4
13.0
17.8
19.8
23.2
23.8
70.4
41.6
13.4
31.2
16.8
28.4
13.0
13.6
17.4
46.6
26.8
20.6
23.8
13.2
50.6
31.2
20.0
65.6
22.2
59.0
39.0
57.6
11.8
69.8
11.2
30.2
66.6
19.8
22.2
15.8
14.8
38.0
17.4
31.8
17.4
32.8
19.0
9.2
53.4
30.6
15.6
20.6
20.6
15.8
11.0
28.0
17.2
18.4
22.4
17.0
19.0
15.6
17.0
15.2
18.8
63.4
14.0
66.0
15.6
13.6
52.8
56.0
16.6
24.2
16.6
16.8
13.8
22.8
18.2
17.8
8.8
18.8
54.8
11.6
10.0
32.8
29.6
24.6
22.8
18.8
15.2
35.2
21.2
50.6
47.4
19.0
29.6
67.8
22.8
10.8
18.4
53.0
15.6
24.8
17.4
53.8
21.2
20.6
12.0
25.0
32.6
19.8
50.0
30.6
11.8
62.4
24.8
25.4
10.6
18.4
51.2
18.4
20.2
15.6
42.0
9.6
12.6
40.0
11.6
14.4
20.2
29.8
23.6
27.0
27.2
34.6
28.8
14.0
29.2
24.2
67.4
21.6
22.6
26.0
29.2
19.0
16.0
12.8
10.4
20.8
74.0
64.6
31.0
15.6
22.8
13.0
32.6
11.6
17.6
46.2
11.6
18.8
54.2
21.6
37.2
59.4
12.6
20.2
19.6
32.8
14.0
28.2
37.8
14.8
10.0
22.2
19.4
14.8
8.8
30.0
33.0
28.0
64.4
17.2
69.6
17.4
24.6
13.2
51.0
13.0
18.0
13.8
36.6
23.0
20.6
42.4
15.8
21.8
35.6
15.0
14.8
13.6
36.2
18.2
59.4
22.2
46.2
37.0
31.0
12.8
15.0
24.4
35.4
17.0
23.8
58.6
40.8
14.4
29.6
21.8
20.0
27.4
36.4
18.8
13.2
47.6
18.8
13.6
31.4
18.0
21.0
34.0
32.4
19.8
33.0
9.6
39.4
28.4
19.8
48.4
42.6
21.0
28.0
17.4
16.0
23.4
12.2
24.2
32.6
11.4
29.8
21.6
25.4
34.0
13.8
21.2
28.6
42.0
29.2
18.6
10.0
62.2
26.0
41.0
22.8
16.0
17.0
17.2
14.8
25.2
15.2
27.6
13.8
43.4
26.6
54.0
PLA Ended!
Average error rate is:  27.7849
