PLA Started!
26.4
15.2
9.2
14.2
43.8
64.0
13.8
21.6
12.4
21.4
64.2
53.0
61.4
16.0
17.2
27.0
35.6
11.8
21.8
22.0
14.6
30.6
23.6
21.8
28.4
26.2
28.4
68.0
49.6
65.4
16.4
25.0
20.4
18.8
11.0
24.6
19.4
22.6
44.8
46.6
24.2
23.0
47.4
21.6
18.4
18.2
18.0
14.4
13.6
15.8
16.2
43.0
16.4
42.0
20.6
21.4
15.6
16.2
19.0
28.4
69.8
18.6
17.4
18.8
18.0
45.0
17.4
10.2
18.4
34.6
18.6
11.2
11.8
63.8
22.8
24.0
21.2
18.4
28.0
17.4
15.8
20.0
9.2
16.0
18.4
20.4
19.6
25.4
55.8
26.8
13.6
40.2
32.4
65.6
13.2
21.6
20.2
22.0
38.8
23.4
24.8
18.2
25.0
43.8
16.0
17.2
17.8
19.4
21.2
46.0
32.2
24.6
16.8
61.0
13.2
12.8
31.6
66.2
12.6
27.8
21.2
17.8
21.6
15.4
18.6
22.0
12.4
12.0
30.4
68.4
30.6
18.0
25.8
17.2
18.8
19.0
11.0
19.2
17.2
67.2
51.6
11.6
24.2
18.4
10.4
68.2
23.6
20.2
21.6
24.2
64.0
18.6
20.6
43.4
23.4
16.8
43.6
25.0
18.8
47.0
14.6
18.6
13.6
10.4
11.4
24.4
51.0
17.8
67.8
14.8
68.6
28.0
21.0
11.8
9.6
23.6
20.2
14.4
43.4
46.4
14.8
19.4
23.0
32.6
18.8
35.4
42.6
58.2
64.0
15.0
13.8
65.4
46.0
19.6
23.8
12.8
20.6
20.4
31.2
43.2
9.4
29.0
12.8
19.8
26.2
20.6
63.2
63.4
26.4
20.2
18.6
29.6
56.2
13.2
22.6
17.4
25.2
24.0
25.0
18.4
14.2
32.2
25.0
70.4
16.6
21.6
27.2
29.6
17.6
55.2
40.2
20.8
14.8
27.6
68.0
23.8
49.2
21.4
11.0
17.2
15.2
26.2
38.0
30.4
8.6
15.8
51.6
28.8
19.0
48.0
14.2
19.8
13.4
23.6
24.8
18.0
51.0
15.6
17.8
18.8
19.0
71.2
21.0
26.4
38.8
12.6
68.8
12.0
29.8
16.6
15.8
18.8
24.2
28.6
18.0
19.6
21.0
16.0
26.2
21.4
14.2
32.0
34.8
23.6
25.4
17.6
69.0
71.6
16.8
24.6
28.0
9.8
24.4
13.4
14.4
16.6
49.0
14.0
20.4
18.0
69.4
24.2
57.8
15.6
12.2
20.4
8.6
56.4
68.8
29.8
10.0
68.8
21.0
65.6
49.6
60.8
32.6
15.8
26.6
21.6
13.2
11.6
57.4
15.0
58.2
25.6
33.2
70.2
21.6
29.4
21.8
12.2
62.6
56.8
62.2
16.8
11.2
70.4
14.4
22.0
69.8
10.6
17.4
31.2
36.4
68.8
55.8
59.6
11.6
12.6
18.8
16.8
20.6
22.6
15.4
20.0
15.8
62.4
68.0
10.8
57.8
16.4
30.4
9.6
36.2
17.0
12.0
14.4
19.4
47.8
72.0
19.6
45.6
55.8
17.0
17.4
9.6
17.0
16.0
29.2
13.0
25.0
22.0
38.0
11.6
14.4
24.0
45.0
43.8
21.6
24.8
11.6
24.6
25.6
16.0
64.2
20.4
68.4
15.4
10.0
34.8
24.6
21.0
54.4
14.0
70.6
12.6
20.4
45.0
17.2
25.2
11.2
16.4
36.0
23.6
19.2
29.4
10.4
19.0
67.6
35.8
66.4
22.8
72.4
13.6
28.6
14.8
65.2
15.0
63.0
60.8
48.0
42.2
66.6
48.0
23.8
69.0
14.6
62.4
16.8
53.4
51.4
15.4
16.8
50.8
30.8
42.6
21.2
24.4
19.8
18.4
18.4
65.8
69.4
18.0
32.2
15.4
37.4
53.4
45.8
61.8
15.8
20.8
72.6
22.0
10.8
13.4
69.0
25.4
64.4
28.2
20.8
22.4
21.4
55.0
28.8
17.4
12.6
18.8
22.2
54.4
19.0
14.4
16.6
14.0
56.8
50.4
12.0
15.6
17.8
68.6
21.8
17.6
34.4
53.8
30.6
25.6
24.4
8.8
62.4
59.2
65.6
67.8
14.4
11.6
19.4
67.6
71.0
9.0
33.2
29.0
17.8
17.8
18.6
15.2
18.8
38.8
18.8
36.4
24.0
38.6
17.6
26.0
13.6
68.4
9.0
16.2
39.2
31.0
28.2
56.2
12.6
15.8
37.2
23.2
24.8
28.4
57.4
41.8
29.2
18.4
24.0
69.2
18.2
28.8
13.8
22.8
19.2
10.4
21.2
36.0
11.0
11.4
52.8
21.2
23.0
67.8
41.0
23.2
35.6
67.2
65.2
38.8
23.0
21.8
16.8
24.4
43.8
20.4
25.0
21.4
24.6
25.0
17.4
16.6
63.8
15.2
38.0
38.2
27.2
19.2
48.2
23.4
62.2
24.4
10.8
21.2
27.8
22.6
19.4
16.8
17.8
19.8
37.8
35.6
41.4
61.0
51.8
26.4
28.4
21.4
22.6
43.2
51.4
67.8
23.8
20.0
11.6
16.6
30.2
22.6
37.8
23.0
25.6
20.2
45.6
22.8
21.4
14.4
14.0
25.0
26.8
19.0
69.0
19.6
15.2
67.8
23.0
10.6
19.6
13.0
48.4
61.8
25.6
65.8
20.6
10.4
12.2
26.6
20.4
24.0
47.2
12.0
16.6
55.0
10.4
41.8
18.4
50.0
9.2
13.6
11.8
51.8
17.6
27.4
44.0
8.0
67.4
66.6
25.6
19.2
17.0
12.8
28.2
19.8
19.0
14.8
26.2
25.8
41.6
11.4
12.8
15.2
12.8
18.6
54.6
42.4
70.4
17.8
16.0
15.4
12.0
25.0
19.4
18.4
42.4
19.8
19.6
21.0
21.2
23.4
17.4
13.0
67.4
60.6
41.4
10.2
46.2
20.8
12.4
19.0
67.6
10.2
18.6
18.6
14.2
20.6
24.8
68.4
29.2
44.0
51.2
22.6
16.8
30.0
16.8
33.8
23.8
68.6
57.0
23.4
67.6
40.4
22.4
61.6
21.0
22.6
13.6
18.6
21.4
57.8
15.6
45.0
20.4
15.6
13.8
25.8
23.2
23.4
13.2
25.2
13.0
17.8
59.6
18.0
9.0
16.8
41.8
11.6
17.4
46.0
19.8
16.4
11.0
22.2
61.4
12.0
23.4
24.0
18.4
11.2
13.2
17.6
16.4
27.8
11.4
30.4
24.8
68.8
18.8
20.6
15.4
72.6
16.0
25.0
21.6
39.0
25.6
10.6
47.0
47.0
26.2
41.6
24.0
21.0
14.8
13.0
28.0
17.8
66.8
23.8
15.0
17.4
28.0
19.2
55.8
30.6
25.0
23.8
65.8
42.6
16.2
20.0
26.2
60.6
16.4
17.2
23.0
16.6
11.2
19.0
18.2
65.0
28.0
26.4
30.4
26.0
14.4
12.4
20.8
25.8
49.2
11.4
21.6
26.6
20.8
11.2
20.2
24.2
9.6
20.8
18.2
46.6
12.0
19.0
15.0
15.2
25.2
24.4
28.4
20.2
13.0
26.2
16.8
16.2
26.2
16.8
12.4
19.8
19.2
43.8
57.2
25.2
10.4
29.0
21.8
23.0
12.4
9.2
14.6
16.6
13.6
16.6
45.2
15.8
66.6
21.6
9.4
21.6
13.6
12.4
22.6
66.6
16.8
22.2
15.2
30.0
61.8
23.2
11.2
56.0
40.6
37.2
11.0
29.4
41.4
17.8
23.8
60.8
14.8
24.0
11.6
65.6
17.6
19.0
24.8
35.8
53.8
14.8
23.8
31.2
14.2
14.2
18.2
20.2
26.2
26.4
21.2
44.8
66.8
26.4
43.4
13.6
25.4
42.6
21.2
10.8
18.6
70.4
14.0
59.4
19.8
69.4
26.0
17.4
23.2
9.0
63.2
56.2
36.8
37.2
15.2
13.8
13.6
48.6
66.8
13.4
25.6
14.2
21.6
15.4
63.8
18.6
13.4
14.2
29.0
12.4
70.0
14.4
24.8
71.6
11.0
20.8
16.0
26.6
16.2
19.6
8.0
15.8
12.2
20.0
66.8
36.2
28.2
29.2
22.0
29.4
65.6
14.0
70.4
20.8
33.8
21.2
17.2
19.0
17.6
17.6
22.4
12.6
21.0
67.0
14.0
30.8
59.0
39.0
10.0
20.4
25.6
45.6
20.4
15.8
25.2
9.6
52.0
12.6
21.6
21.2
70.8
8.8
43.8
21.6
18.6
15.4
16.6
17.0
26.6
54.0
15.6
66.2
14.8
14.6
15.0
12.2
21.4
18.0
34.6
21.4
31.8
35.4
12.0
12.6
61.6
11.8
23.4
69.4
13.2
17.2
13.2
19.4
24.8
12.8
18.4
18.2
16.2
51.2
15.8
72.0
24.2
17.6
26.4
18.8
26.2
43.0
12.8
18.8
18.2
16.0
19.4
19.4
67.4
16.4
23.6
15.2
31.2
7.2
15.6
28.0
17.6
20.8
18.6
17.2
16.2
27.0
21.6
10.0
23.8
71.4
22.4
39.0
21.8
25.8
11.8
13.6
15.0
56.0
12.6
12.4
48.4
22.4
44.6
56.2
71.6
20.0
13.2
59.0
73.0
30.4
55.4
13.4
62.2
33.8
71.2
13.8
34.6
12.6
67.2
27.4
32.2
12.2
15.2
14.0
13.8
54.8
12.2
47.0
22.2
71.4
26.2
10.6
49.2
28.2
61.2
14.0
51.8
25.6
15.4
11.0
18.6
24.0
34.2
7.6
17.0
12.8
43.0
19.4
67.6
32.6
14.4
12.8
71.0
12.0
14.4
17.8
15.8
12.2
16.0
19.0
30.4
42.6
70.2
20.6
37.6
17.4
24.8
11.6
21.8
12.4
16.8
22.6
32.2
19.4
13.2
49.8
24.2
59.2
17.0
12.4
19.8
64.4
24.8
24.4
24.0
68.2
15.6
11.6
9.8
19.8
24.0
55.6
27.0
16.8
16.4
59.2
68.4
68.6
43.8
19.4
47.6
28.0
21.2
19.0
25.8
14.4
20.8
24.2
68.6
14.2
9.0
26.8
25.2
28.4
44.6
28.2
47.2
29.4
27.0
48.4
18.0
11.4
21.8
14.8
18.2
17.0
13.6
12.4
43.0
21.4
15.0
20.0
21.2
68.4
33.6
13.8
15.4
18.4
13.0
55.2
59.8
13.6
14.6
22.2
24.0
15.8
19.2
18.2
46.6
25.4
57.4
21.0
17.6
50.2
18.4
23.4
61.2
13.6
19.0
69.2
28.8
15.2
15.6
13.4
25.0
19.6
61.2
15.2
11.8
21.6
24.0
11.6
29.0
14.0
13.6
23.8
12.8
12.8
16.0
20.4
42.4
15.6
11.4
69.0
30.6
24.4
38.2
22.4
13.4
15.6
47.4
37.6
10.4
39.8
22.6
17.0
15.0
32.0
17.8
61.0
25.4
17.6
22.8
50.2
66.4
11.4
10.8
20.8
20.6
21.8
14.2
53.6
42.0
21.8
69.8
22.6
32.8
20.2
15.8
15.8
28.8
21.6
27.8
18.6
13.6
29.4
67.8
17.4
33.0
71.8
10.2
24.4
54.8
24.2
15.0
11.6
18.0
20.6
24.0
16.4
19.0
71.0
20.6
65.2
10.4
62.2
21.2
18.0
21.2
33.8
20.4
18.0
39.8
21.2
22.4
70.8
48.2
17.0
71.4
45.0
20.0
54.2
28.6
12.8
69.4
24.0
11.6
50.6
15.2
27.6
17.6
13.2
71.8
63.4
12.8
52.4
57.0
22.8
16.8
25.8
21.6
12.6
26.4
19.0
41.4
48.8
21.8
38.6
35.0
14.0
15.8
20.0
28.8
61.6
21.2
11.4
17.8
27.6
25.0
19.4
19.2
56.8
12.6
15.2
52.2
17.8
10.8
21.8
43.8
22.6
54.6
57.0
38.2
21.8
11.2
26.4
40.8
19.8
14.0
13.0
65.6
70.8
24.4
16.0
15.6
56.6
67.4
17.8
13.2
68.8
23.4
16.4
19.4
58.2
28.4
20.0
14.6
33.0
24.4
63.6
24.0
19.4
63.6
15.6
43.0
18.6
15.2
13.0
26.0
49.4
18.2
56.6
23.2
30.2
70.8
26.6
21.8
34.2
56.4
21.4
10.4
24.0
25.8
14.6
33.6
20.4
39.2
18.4
69.2
39.2
15.2
35.0
21.2
48.8
31.8
22.0
25.0
40.8
18.4
17.8
53.2
23.4
13.8
21.6
34.2
70.8
30.2
16.6
16.8
21.4
33.6
16.2
43.4
14.2
17.8
28.0
27.8
60.2
12.2
15.6
11.4
19.0
63.4
15.2
8.4
24.0
57.4
18.6
12.0
12.6
44.8
8.6
32.4
26.0
20.2
21.4
67.6
15.2
70.4
20.8
54.2
69.6
70.2
28.2
21.2
17.2
17.6
21.0
15.4
28.2
12.2
64.0
31.4
19.8
19.0
49.8
19.2
27.6
15.6
55.8
13.0
23.2
19.0
19.0
30.0
13.4
14.2
45.6
26.4
11.2
19.6
58.6
25.6
11.6
21.2
21.4
13.0
33.2
67.4
10.4
24.6
21.2
24.0
19.4
15.8
73.6
64.6
19.4
44.4
19.4
21.8
33.6
30.6
60.8
53.2
60.0
19.6
23.0
28.4
16.0
72.4
26.2
14.8
17.6
17.8
15.0
21.2
13.6
12.8
66.6
22.4
15.4
20.6
9.4
50.6
52.2
50.2
11.4
17.0
23.8
34.8
16.0
67.2
58.6
29.2
34.8
26.0
31.4
14.2
67.4
48.0
49.4
18.2
33.8
60.0
16.4
55.2
20.6
12.2
18.0
72.0
23.0
24.2
10.0
26.6
17.6
16.6
25.0
26.8
12.4
19.0
20.4
47.6
22.0
68.8
72.0
23.6
18.0
35.6
20.8
24.2
18.6
14.4
21.8
60.8
66.4
27.8
13.2
20.0
21.4
15.8
28.0
68.0
66.8
17.4
20.8
16.0
18.6
19.2
32.2
52.8
22.6
15.2
16.8
26.8
35.0
14.2
61.2
12.8
28.0
20.2
23.0
45.6
12.6
24.8
15.0
14.4
36.6
10.6
17.4
13.0
35.4
18.6
21.4
60.6
25.4
14.2
13.6
63.4
15.4
17.4
25.8
62.6
13.4
30.0
18.0
24.4
13.4
42.0
30.2
18.4
11.8
27.8
21.2
19.8
28.8
17.0
13.2
17.6
21.0
15.0
17.0
15.4
15.4
34.0
11.4
55.0
18.4
21.0
12.0
54.6
10.8
64.0
18.4
29.2
24.4
19.4
20.4
29.4
13.0
15.0
11.0
24.8
34.4
33.8
12.2
17.4
13.0
22.8
11.2
29.8
59.4
41.0
21.6
18.0
27.6
13.8
14.6
8.0
34.6
27.4
36.2
20.8
23.4
67.2
25.2
29.6
23.0
26.0
9.0
59.6
23.6
42.4
57.0
13.0
31.6
16.6
19.0
20.2
12.8
17.0
14.8
17.2
19.0
64.6
26.0
21.2
32.4
19.0
11.6
21.8
28.2
21.0
27.4
49.2
28.2
11.8
17.2
60.0
47.8
15.0
14.4
56.0
23.8
10.6
67.2
11.4
10.0
8.4
69.8
14.2
47.8
20.4
28.0
64.2
36.6
9.6
19.4
24.6
26.4
15.4
66.4
45.8
30.8
41.0
26.2
39.2
36.0
22.6
51.4
29.4
23.6
14.2
22.4
72.4
19.6
21.0
18.4
18.4
25.6
19.6
19.2
27.0
36.8
57.8
22.6
34.0
51.8
14.8
19.4
15.4
66.8
66.6
22.6
13.4
22.6
44.2
24.4
21.6
26.0
51.2
52.8
43.2
11.4
25.8
67.8
19.4
27.0
21.6
9.4
11.4
13.2
21.2
21.6
24.6
16.2
10.4
18.8
18.8
21.0
12.4
12.4
34.8
16.2
21.8
21.2
11.2
71.4
66.6
11.2
25.0
13.0
12.8
19.8
25.8
14.8
17.6
21.2
42.2
30.8
29.6
20.0
31.2
47.4
15.2
24.2
20.0
42.0
22.0
40.4
17.2
26.0
66.4
22.6
21.8
22.6
44.0
16.6
14.4
12.2
18.8
29.2
13.6
43.4
16.2
28.0
9.2
11.6
9.8
26.8
25.6
22.6
28.6
45.6
23.4
34.0
16.4
9.6
20.4
69.2
14.6
30.0
22.4
16.8
22.8
11.0
19.8
20.4
21.6
20.2
16.8
18.6
47.6
46.4
11.6
15.8
37.6
29.8
58.6
59.2
17.4
19.4
24.0
22.6
12.2
29.4
26.0
25.6
69.6
11.6
33.8
30.6
22.2
12.6
11.2
24.6
23.0
52.4
45.2
22.0
26.2
39.6
70.0
38.8
38.8
34.0
21.8
53.4
17.8
29.0
17.2
56.6
12.2
19.2
29.4
16.8
21.4
17.6
18.4
8.8
14.0
12.4
25.4
33.4
67.6
22.6
11.6
35.6
16.4
15.2
17.4
21.8
11.2
24.4
12.8
23.6
25.2
16.4
16.8
24.0
22.2
15.0
21.8
13.4
26.2
30.2
35.2
37.8
14.0
30.4
28.0
18.6
14.6
PLA Ended!
Average error rate is:  28.6029
